{
 "cells": [
  {
   "cell_type": "code",
   "execution_count": 2,
   "metadata": {},
   "outputs": [],
   "source": [
    "import numpy as np"
   ]
  },
  {
   "cell_type": "code",
   "execution_count": 3,
   "metadata": {},
   "outputs": [],
   "source": [
    "def arnoldi_iteration(A, b, m):\n",
    "\n",
    "    n = A.shape[0]\n",
    "    Q = np.zeros((n, m+1)) \n",
    "    H = np.zeros((m+1, m)) \n",
    "    \n",
    "    # Normalize the input vector b\n",
    "    Q[:, 0] = b / np.linalg.norm(b)\n",
    "    \n",
    "    for n in range(m):\n",
    "        v = A @ Q[:, n]  \n",
    "        \n",
    "        for j in range(n + 1):\n",
    "            H[j, n] = np.dot(Q[:, j].conj().T, v)  # Inner product\n",
    "            v = v - H[j, n] * Q[:, j]  # Orthogonalize against previous vectors\n",
    "        \n",
    "        H[n+1, n] = np.linalg.norm(v)  # Compute the next Hessenberg element\n",
    "        \n",
    "        if H[n+1, n] == 0:\n",
    "            break  \n",
    "        \n",
    "        Q[:, n+1] = v / H[n+1, n]  # Normalize to get the next orthonormal vector\n",
    "    \n",
    "    return Q, H"
   ]
  },
  {
   "cell_type": "code",
   "execution_count": 4,
   "metadata": {},
   "outputs": [],
   "source": [
    "A = np.array([\n",
    "    [3, 8, 7, 3, 3, 7, 2, 3, 4, 8],\n",
    "    [5, 4, 1, 6, 9, 8, 3, 7, 1, 9],\n",
    "    [3, 6, 9, 4, 8, 6, 5, 6, 6, 6],\n",
    "    [5, 3, 4, 7, 4, 9, 2, 3, 5, 1],\n",
    "    [4, 4, 2, 1, 7, 4, 2, 2, 4, 5],\n",
    "    [4, 2, 8, 6, 6, 5, 2, 1, 1, 2],\n",
    "    [2, 8, 9, 5, 2, 9, 4, 7, 3, 3],\n",
    "    [9, 3, 2, 2, 7, 3, 4, 8, 7, 7],\n",
    "    [9, 1, 9, 3, 3, 1, 2, 7, 7, 1],\n",
    "    [9, 3, 2, 2, 6, 4, 4, 7, 3, 5]\n",
    "])\n",
    "\n",
    "b = np.array([\n",
    "    0.757516242460009,\n",
    "    2.734057963614329,\n",
    "    -0.555605907443403,\n",
    "    1.144284746786790,\n",
    "    0.645280108318073,\n",
    "    -0.085488474462339,\n",
    "    -0.623679022063185,\n",
    "    -0.465240896342741,\n",
    "    2.382909057772335,\n",
    "    -0.120465395885881\n",
    "])\n",
    "\n",
    "m = 9 "
   ]
  },
  {
   "cell_type": "code",
   "execution_count": 5,
   "metadata": {},
   "outputs": [
    {
     "name": "stdout",
     "output_type": "stream",
     "text": [
      "Q_9 : \n",
      " [[ 0.18711877  0.33601354 -0.38902867  0.48215687  0.24152624  0.0949262\n",
      "  -0.45094167 -0.32354084  0.1566404  -0.26144547]\n",
      " [ 0.67535657 -0.00240641  0.30314755  0.19540794 -0.6185423   0.05934585\n",
      "   0.00876533 -0.06450678 -0.06878725 -0.1368169 ]\n",
      " [-0.13724365  0.47775669  0.16012893  0.13078561 -0.13917669  0.26345122\n",
      "  -0.15046244  0.68959581  0.33805709  0.0944773 ]\n",
      " [ 0.28265686  0.26267302 -0.39587909 -0.24549577 -0.13407055 -0.37407358\n",
      "  -0.22159807  0.06345307 -0.14304807  0.63452254]\n",
      " [ 0.15939463  0.2666616  -0.43470366 -0.20494211 -0.01983237 -0.24453255\n",
      "   0.4586054   0.28467035 -0.06380229 -0.56293876]\n",
      " [-0.02111704  0.21067831  0.42384318 -0.19998705  0.05795317 -0.62489101\n",
      "  -0.11361726 -0.21451982  0.51011703 -0.15012159]\n",
      " [-0.15405881  0.41872834  0.21322312  0.53269752  0.08401418 -0.21363032\n",
      "   0.49529919 -0.15156856 -0.2996666   0.2468016 ]\n",
      " [-0.11492203  0.46098789 -0.02267848 -0.44632934 -0.20361548  0.48148803\n",
      "   0.19360244 -0.49794258  0.11218223  0.05705549]\n",
      " [ 0.58861711  0.03093322  0.20494195 -0.14157332  0.66322293  0.22434688\n",
      "   0.22300859  0.08930693  0.12160961  0.16683883]\n",
      " [-0.0297569   0.2924836   0.34322995 -0.2587505   0.17202109 -0.00666244\n",
      "  -0.41117674  0.07509987 -0.67418307 -0.26447021]]\n"
     ]
    }
   ],
   "source": [
    "Q, H = arnoldi_iteration(A, b, m)\n",
    "print(\"Q_9 : \\n\", Q)"
   ]
  }
 ],
 "metadata": {
  "kernelspec": {
   "display_name": "Python 3",
   "language": "python",
   "name": "python3"
  },
  "language_info": {
   "codemirror_mode": {
    "name": "ipython",
    "version": 3
   },
   "file_extension": ".py",
   "mimetype": "text/x-python",
   "name": "python",
   "nbconvert_exporter": "python",
   "pygments_lexer": "ipython3",
   "version": "3.11.9"
  }
 },
 "nbformat": 4,
 "nbformat_minor": 2
}
